324210976629067776,
323932515599515649,
324346553835868161,
324409861041438720,
325173634563964929,
324366333829586945,
324125626284007424,
324425542629732352,
325701934273134594,
325947340777222145,
323906657333682176,
325059351209443329,
325337623910559745,
325702294287048705,
324445289912074240,
323924155391164416,
323907087551836160,
324117952695771137,
324458862537228289,
324070589214117888,
324441544377634816,
323963901769297921,
325253669408874496,
325338650076405761,
324376801382133761,
